+77784449636
+79290060616
+74997544444
+73472002920
+77081038489
+79659759414
+380715001616
+79189030302
+79293960951
+79015606831
+375297560101
+380683703077
+74951290999
+77472445525
+79114513000
+79529811259
+79881653330
+79250621022
+79130103856
+79029423623
+79789389898
+380735800880
+996777474470
+380935700027
+79184177830
+77476043328
+77786440750
+79153720370
+77082514120
+77781473510
+73466506507
+74952522202
+79152431010
+79187793262
+79181277378
+78212400353
+73952956060
+79277107070
+77021199119
+996558700007
+79676571144
+79782605721
+79858754426
+79624526213
+78127779067
+79510705296
+79600906906
+79290812696
+77079938399
+375295163087
+79023437307
+380660170003
+74932345555
+79028688804
+79281739696
+79883191277
+79631588298
+78124588888
+79613179500
+380506934004
+79198214427
+77711331919
+79180471333
+79529518383
+79231955518
+79882910603
+79992038113
+79209118889
+78352777111
+375297129006
+79142702028
+79883409999
+79240077677
+77476643978
+78332206111
+79243801000
+79295227822
+79514894889
+74812707999
+375293915040
+79113990544
+77057040808
+79208149876
+79253060367
+77751030653
+79852556363
+79997823539
+79825813146
+79787967576
+79657701919
+79604877000
+79189911464
+79683332828
+78002017940
+77085311762
+79120612505
+79282210700
+79526632484
+79614227774
+375296547744
+79518396537
+79244902680
+77759480731
+78469790111
+375333447148
+79782132013
+78002000141
+79530538703
+79016001066
+79660853121
+79389084699
+79384112225
+79286055050
+77767413366
+73812354551
+79671504649
+380635197795
+79267350155
+73462769529
+77717353825
+79109318841
+79142755003
+79612171022
+380662223932
+79004794343
+79186551313
+79107402054
+78002349901
+375292915000
+73452530403
+79834430313
+79629260837
+79857642345
+79266000909
+79135281888
+79096967373
+78002001394
+79995432290
+73472985353
+375292851851
+79990409183
+380979524748
+74954887086
+79673202105
+79867003585
+79136337788
+380952027177
+380672399430
+375298688338
+79821176773
+73532323252
+79255108844
+79788183144
+73952939343
+79028033931
+79780144100
+77750009170
+79231800555
+79280174114
+77781236465
+79105587766
+79233721263
+79633873753
+79619210202
+79609614881
+74952262262
+79118228113
+79533440333
+380934256423
+77003006077
+77005750505
+73532666100
+73847552044
+380952215500
+79191235391
+79780526120
+79636343000
+79141300300
+77017975974
+380960592288
+74852266529
+73463896100
+79377775906
+79145679197
+73912151822
+79298885528
+78352229933
+79283336274
+74212949595
+79228296833
+79855584188
+79996201147
+77781284847
+77073010303
+79659489952
+79879523317
+79370170328
+79177345859
+79889846103
+79216495292
+73472660616
+78619444404
+73833630630
+77780410061
+79275740757
+73422200188
+78442966339
+73466233333
+79514229793
+79101421275
+74950112611
+79827858555
+77000813737
+79186300019
+73852582121
+79882393319
+79511912402
+77756565500
+79387899990
+79033535973
+79142713031
+79247224494
+77087594167
+79102763428
+79304053022
+79628863028
+79285616057
+79777023301
+79659458745
+79807330470
+74991306878
+74753349716
+79172803000
+74922555055
+77074464075
+79098350013
+79787706217
+79003898609
+79781231245
+79787127082
+77056767674
+79046222601
+79216886118
+74951990770
+79885009089
+79673830777
+74951503686
+79057817975
+380990724723
+79288887580
+79328402294
+79285661451
+79320101818
+79288361222
+79263531463
+79632940080
+74822752780
+79877809520
+79778191800
+79044249888
+77470012329
+79038050000
+79632448713
+79375500058
+79275972777
+79085221661
+79877801868
+79151300379
+79280424330
+380638405105
+77078501082
+79894950007
+79179532323
+819036895558
+79173164164
+77075728003
+74951234516
+380800331620
+375293764661
+79155711058
+77713169064
+79616677952
+78123335558
+79080176618
+77089417767
+375298447874
+77079771817
+992550506661
+79136335755
+79667028835
+78005008646
+79654686888
+79383128930
+79855727151
+79292673597
+77075050333
+79041388823
+79103457700
+79883555556
+79968265142
+79208895556
+79314169938
+78003006603
+375291652633
+79618673783
+79622880055
+79881406606
+375291120499
+79885314131
+79200420094
+79080333773
+79856469624
+380955750404
+77471999585
+79147085218
+48729659837
+79896317437
+77789195552
+79609672255
+79145388863
+79875903399
+74952037315
+79624430209
+77765603366
+79380221555
+79600488351
+79156700555
+77770310131
+77075254848
+73452788911
+79235429343
+79886906060
+380637282277
+79050380500
+79270155557
+79339337075
+79234012697
+996502999924
+79852588808
+79674880220
+73912190634
+79246543640
+79625879882
+380935480525
+79658155758
+73422717003
+79953313301
+77754367313
+79631094450
+74951502444
+79780090907
+79282416968
+996557728000
+79297943403
+79272080815
+79667707477
+79667255354
+79814366795
+73466400402
+74922520520
+78352627379
+73435963893
+380663883830
+73466277711
+79516023828
+77071230522
+66827761776
+380973259420
+79142725200
+73462904342
+79285555698
+79297811951
+79134524808
+79952361006
+79841330398
+380503161011
+79044925464
+77025785505
+380681150150
+79003121111
+79831753140
+79914223939
+79623373383
+79295900543
+79879383730
+79134654318
+77054606767
+79950068809
+996557728000
+79287028777
+79224898335
+73466507208
+998712073434
+79289435890
+79227439910
+78452681238
+79277228732
+74722205224
+79898110464
+77078455550
+79049959340
+74954886954
+79068109575
+79372733535
+77002788398
+79058460335
+79284646368
+79050659452
+79874936357
+79006600228
+77005051098
+79867500909
+77002020270
+78005508233
+77786075813
+79033666604
+380951441726
+74957777763
+79881318634
+79197429511
+77719111100
+77023333132
+78002006152
+380931702444
+79507582145
+79180079547
+79682220102
+79917776633
+79190129213
+79271939656
+79951047575
+79587628876
+73852681010
+380933525555
+73517007012
+79284055255
+77476828243
+380968717117
+79787207203
+79381600505
+79654958080
+74957448662
+79324897472
+380631976419
+74952155528
+79045966582
+79961972540
+79510706222
+79376160959
+78352383878
+78422363636
+375295440077
+380636490505
+79882919793
+79239112377
+77010250550
+73424213242
+77083056576
+74951233969
+79899893368
+74742391110
+74922494789
+79067501414
+77475779090
+79045043555
+79180892747
+79775382778
+79376569888
+79506506600
+74951202507
+79889922324
+380993788347
+79190192219
+79914461103
+73852727007
+821098065868
+380978699086
+77077744407
+79879555003
+77074574727
+79180762121
+79674081549
+79676128984
+79601089989
+79005137414
+79887617688
+77766835353
+79372300333
+77071705858
+79892405659
+380721660066
+79389072525
+78652684505
+77077596077
+79682734567
+79002559995
+79647441804
+79255815272
+79626220999
+79310092939
+77007228007
+74996498424
+79651123789
+77769180003
+998909061076
+79139132255
+79280003474
+77089087878
+79127349951
+79532406394
+79616414640
+79289786262
+79296388415
+79092025458
+79388004145
+77776658533
+79654728888
+79247655365
+79380340007
+996700933033
+79255092833
+79276683941
+79182221511
+79288887494
+77022435292
+380974624226
+380957659724
+74991305530
+78002503474
+79107896260
+79169931575
+79142250242
+79653777765
+380989281317
+79186145255
+79889409308
+79304444473
+73472822222
+79991451803
+79370648243
+79009910999
+77011844915
+375291444343
+79165787709
+380958310209
+375336611442
+77020555600
+79518254727
+79228309393
+79145002020
+77473178983
+380965565372
+73012708508
+995558820101
+79027436767
+79657878781
+78002502288
+79283344266
+78212562564
+79896506080
+79161113333
+79189245115
+996703025035
+79788579999
+78002004879
+79219060714
+79526217900
+79662405838
+79261886163
+77027779153
+79208880880
+79063207800
+79055533491
+78007005885
+79662501996
+79631241244
+77479178762
+79099097778
+79881850550
+74956888887
+77014733635
+79780609222
+79138921552
+74953749299
+73953464748
+380930076358
+79096470707
+380970408483
+79624446060
+79130024994
+79040381691
+79010166359
+380634543854
+37368696645
+77770310057
+73422141777
+79854112533
+79257109936
+77775767104
+375293998930
+78552398000
+79631199188
+79209377224
+79500950990
+79276948713
+79381245037
+79990036081
+79212283747
+380734418272
+79882288800
+79285909007
+79521255245
+77052400062
+79771010660
+79189322822
+79188234949
+77010728889
+77762559280
+79043923999
+79132106670
+78002015485
+78123251005
+73517017470
+79640494656
+79994507891
+79095232949
+79603409339
+79531077831
+78002501312
+77071203939
+73952961998
+77081118939
+79152362566
+79300019130
+380978008833
+77078399958
+79780234688
+77777646338
+996555885815
+79055265554
+74217331110
+79872547424
+79914654565
+73422462529
+78452397749
+77767770277
+79509100808
+77784648508
+79159762686
+79999992686
+79061571155
+79789042431
+78312341934
+79284931042
+79785707007
+79386522640
+79994679884
+79234745577
+79384442122
+79654957966
+73452688588
+79002008575
+380668372996
+79033651399
+375293141405
+79263359944
+79969583694
+79258168680
+380957721227
+73433020222
+79183599945
+74959992422
+77057416747
+79166070846
+79608002277
+79146627408
+79298544447
+79604490553
+380661920737
+73842901905
+79202295530
+78006008989
+380952409236
+79661083624
+79273737034
+78043339393
+79659642212
+375447999323
+79995473408
+380954191012
+79112940868
+79538184848
+79138013070
+79834008531
+74955458000
+77057611089
+74959245742
+78129949515
+77071497868
+79614338585
+375447884444
+79286696060
+77051073598
+79253618187
+79685729993
+79682726060
+79054115585
+77471374425
+79201768207
+79275573737
+77086174243
+380937503838
+79651234839
+79243630303
+79219429991
+79249274677
+77713588085
+79506046396
+73842240140
+79083168452
+79001333888
+79524925222
+79788685627
+79162481243
+79285185599
+74993481728
+79236114722
+77054804848
+79683810947
+79803478000
+79217101215
+77273908390
+79626525959
+77187340960
+79180042323
+79128461197
+78123707751
+79634409056
+77007671988
+79034420401
+79138205535
+79659939693
+79184595222
+79635777007
+79272021883
+79037956247
+79507656592
+78112797117
+77781318280
+79687998966
+380636741437
+996700114433
+79894580111
+375296587800
+77770972347
+79991502939
+79967357937
+79696108666
+79998532580
+79896250505
+79531013327
+78129818358
+77020071616
+79264113922
+79050764776
+79193575056
+79293330101
+79625087333
+79609008899
+77002133404
+79054452626
+79207828000
+79246457070
+79028454144
+73422123226
+79237373231
+79182909838
+73422887898
+79016187097
+79193872195
+79667404440
+79631177333
+380636423419
+77787202020
+73452397337
+79787748845
+79090413311
+78004444676
+79674551067
+79207777427
+375333481481
+79047550605
+79046006808
+79652203333
+79333256425
+77786751391
+79228333668
+79372115565
+79266996389
+79139851454
+77071741777
+380666064434
+78442501818
+73452500440
+79889566660
+77783889686
+79102763428
+79679262218
+79159188910
+79616305151
+380988996673
+79393636300
+79303424552
+79312202698
+79312908666
+79133451313
+79892357352
+79886720025
+79272753326
+79649115500
+78005857575
+79223964675
+73532935777
+79233111535
+380951553344
+79170461585
+78512333333
+79052060205
+79289400093
+79191236688
+79826277772
+380680898422
+79111673686
+74162494747
+380689682030
+79882929251
+77472666072
+79288400555
+79234927666
+77052415024
+74953314211
+79022861574
+77750846242
+79157677255
+380679721046
+79184214045
+79219089082
+74956406666
+79519293232
+77078706487
+79678343222
+79277126707
+79518272769
+79126429322
+79090070560
+79380210500
+79131170038
+79409403333
+79518306092
+79631651636
+380982085100
+79222320292
+79271552929
+79387789500
+79612787766
+73843200299
+79165102233
+79941101180
+79631368870
+79138552317
+79304388752
+79509116891
+77751695485
+79787082006
+79852999203
+79284326180
+79152588492
+375333301679
+380973383231
+995568682866
+79288375007
+375296333803
+79882938040
+73422596830
+79776780071
+79773877271
+79247057700
+79224822282
+73822250152
+79880511404
+77789578073
+79509266444
+375297297792
+79859996280
+79510708209
+79270174000
+78122427962
+99365337387
+380666111008
+79961698820
+79274774411
+77715635983
+79686883577
+79198310442
+78006002566
+998781507277
+998912556161
+79254738838
+79023900909
+79235670337
+79841123334
+79044688519
+73412326464
+79955900205
+74957202297
+79613190101
+79609011972
+77789957775
+77073600038
+77789603160
+79222520555
+79219072041
+79642565352
+77760442277
+77751290031
+79841890888
+79500511404
+375339149449
+77077060603
+380735402040
+79814101200
+79827975191
+77056780383
+79287318492
+6273433720850
+380502320294
+74862782278
+73512702727
+79035398880
+79781365565
+79617974782
+79118025080
+380675055304
+79883821000
+73422700727
+79658411844
+79648171706
+73494020400
+74942303066
+79266370527
+73422293999
+77000202942
+77789332499
+79226758555
+79184099929
+79611113030
+78126796677
+79831418306
+375333289000
+79202295854
+79033457432
+79186742905
+74952553400
+79384555196
+77089282555
+79772899852
+79379891925
+79634521408
+79198839915
+79780223223
+79013803820
+79889880303
+74923729602
+77077060603
+79248583388
+77010361361
+79053171890
+77077778464
+79676096555
+380664066019
+79201073486
+79782216450
+79247656246
+79658425222
+79119290097
+79376510672
+77029816071
+78127407083
+74952057135
+79673044442
+78182474946
+74872587585
+79644210222
+79882929216
+79678293129
+380930326059
+77028862786
+78332778600
+79530304510
+79882928777
+380666965139
+79181881873
+78005500600
+73462550440
+77785399995
+79023545872
+79515009009
+78126037537
+79671214141
+79272665858
+380987842452
+79059058870
+79106913781
+380969031192
+77002124291
+79539457575
+77088334956
+73832300606
+380714003191
+77777123333
+78182637030
+375336289903
+79233886699
+78127773435
+79320120822
+79284044457
+79180969911
+79230350226
+79101890784
+996999500032
+79289111118
+79228297593
+73519581212
+73517111495
+79676396444
+73833801014
+79051405046
+79064322211
+79288352211
+998904687000
+77472431547
+74993777747
+79884524519
+79523905800
+79504029977
+79899565555
+79380308867
+79095045939
+77076012727
+79503193525
+380676673207
+79897022093
+77771666440
+79050397055
+79882465146
+79061003676
+79631197777
+78006002020
+79899130101
+77008368307
+79165938272
+77786216377
+79216171000
+79287997907
+74956485020
+79191211511
+79871051535
+380684166969
+79999011101
+79202095916
+79254372020
+79142923007
+79016070009
+996700311611
+77012972765
+79872960787
+77713623625
+996505600099
+79271171819
+996500540430
+375336210000
+79509577139
+79282224061
+74112242000
+79034884884
+79788318943
+79913331720
+79531810809
+79771999776
+79604502160
+996777608360
+79295435309
+380995665999
+79212161000
+79221166550
+74832606666
+79163451068
+79228364748
+78722935556
+79898220503
+77072628877
+79187756756
+79288590000
+380937520115
+380721850614
+78005508565
+74952350717
+74950950005
+380671738344
+77475682241
+78412219218
+77756669922
+79890822855
+79255302504
+79378798773
+79245677828
+375445992626
+79878496688
+79997837622
+380800751057
+79046663639
+79084402040
+79805204646
+77075453805
+79855076007
+79384444931
+79606700555
+77003548126
+375291700677
+79640742323
+79624426427
+79276770644
+77716217723
+78007700494
+79286187368
+79181405075
+79220904449
+74012697636
+380930318555
+79535241997
+79897754056
+78619452828
+79257773440
+79786958706
+79191540095
+79529404777
+79177881122
+79823384814
+79284900291
+79302880728
+79284343545
+79298828439
+79673937716
+79128050574
+74951392525
+380671531010
+79620620909
+420773954952
+79241107766
+380500545404
+79374451741
+79523054004
+79609082528
+998915518384
+79170138135
+79648530636
+79389052698
+79125790676
+79095129771
+77021542323
+79099635000
+79181514561
+79508224000
+79024881100
+79814617907
+74950808210
+77764822598
+79312839116
+79526343544
+77755122279
+78126403373
+73433110606
+380508830000
+375255496677
+37368909015
+380933521476
+77000951777
+79094070606
+79857262000
+79609223400
+380977022699
+79789187178
+79052133300
+73452922233
+79082774257
+79625596989
+79233555470
+79094847111
+79397452555
+79269444565
+79258413340
+77077604017
+79833570867
+77079085351
+79882914334
+77001166666
+79162863556
+77776558515
+77083532539
+79625658560
+79966427226
+79272267763
+380980353685
+79126005888
+996999998115
+79822507838
+79185972688
+79380370111
+79141242013
+77787330088
+996707560707
+79383492500
+79220266646
+78312150309
+79829882056
+996709063676
+77761610808
+77024248446
+79167852972
+79897708860
+79251349703
+79844444970
+79272444314
+375292309072
+74722500808
+79221111393
+73912150840
+996500111159
+79518660750
+73832922802
+380639886769
+74951506068
+79248582333
+79119165244
+79029358888
+74952227588
+77074101975
+77472907999
+79250776927
+79956854098
+79523625139
+79275688881
+74732320082
+77751684488
+375445051010
+74993752014
+79527451194
+74956459040
+79272787906
+79282604166
+79206133917
+74732433030
+74952122313
+998951770800
+79284734849
+79388699841
+79044607988
+79673841264
+79063344755
+79283313317
+77086174243
+79272117087
+79882920006
+380630411982
+73833815885
+79855559971
+79286454745
+79641017767
+79955360728
+79024100237
+78124100080
+79273756156
+375292798111
+79377511623
+79991729468
+79028578429
+77772828965
+79613082020
+79196680405
+77081812720
+79625544686
+79094888464
+79040345868
+996770336161
+77005312590
+79281818132
+380715076308
+77788528683
+79107900717
+77079500330
+77765101012
+78142502500
+79781280744
+78005555686
+79016904710
+79607181626
+74232008000
+74232555552
+74991104344
+77472638644
+79147907377
+79696758709
+79095438030
+79132811989
+79254720022
+79307541770
+77770236508
+77083557875
+79283513006
+79380026868
+79033010851
+77055579896
+79676195197
+79832082213
+79082332331
+79171103333
+79785708815
+79308088104
+79143180201
+79020990033
+79298404982
+79624445899
+79604178881
+73517245678
+79881308888
+79204829090
+77074689358
+79604475857
+77751137777
+79656586511
+79114000161
+996700997993
+73452705533
+73522607008
+79604928227
+77472828753
+79373282007
+79135716137
+380506081458
+77076489272
+79009568331
+77759534488
+79038237163
+79654223232
+77079120898
+77474520202
+77757270107
+73512105010
+78552220079
+37377717284
+74012663010
+74999940092
+77082800918
+380633767037
+380944424881
+77479836272
+74722770931
+79181111526
+74912703000
+79523507954
+79150863253
+74954441111
+79130523132
+996551144145
+79389976784
+73912823107
+79119288553
+79387883008
+79065161515
+375293317070
+79046614021
+79087068335
+79128051995
+380688659050
+79172521778
+380980090209
+79292694666
+79781415680
+77787503150
+79682657679
+79215302709
+79894473737
+79615115066
+77081503563
+79280535050
+77058112020
+79081841329
+74951398060
+380983924605
+79515910057
+380967320531
+79129498222
+73432880198
+79380006688
+79205918388
+79064881960
+79001989898
+79378896179
+79851959509
+79857215303
+79918442618
+77012239222
+998946200202
+79030485444
+79084406297
+78002011707
+77752686292
+79684993837
+79105939584
+79887650677
+79528722020
+77767230095
+79188223600
+79186202963
+78432594101
+79780613267
+79320106900
+79039606369
+37127707222
+73812339833
+78314159212
+79033234411
+77759419716
+79288213838
+380983333777
+79233833384
+79637778090
+79169641646
+79612250003
+79254175570
+79780256602
+79674008800
+77787018002
+79397311211
+79002320057
+74012391107
+380991154915
+380732066480
+79040279261
+77779639821
+79148280133
+77005959800
+79218998579
+380671328318
+74712309055
+74991121377
+77012607070
+79774042040
+79850667855
+79222599612
+79241622091
+79142954959
+66990103577
+79530059890
+79005602022
+79223921110
+73532600200
+79289457391
+79233296245
+73513572402
+79293580000
+380979219997
+79624523300
+79186698279
+79377778091
+79147086555
+79186981110
+77757567796
+79886200045
+77009718935
+73912287408
+73912050060
+79886116872
+79283211731
+79632208811
+79160914516
+77778758888
+375445724444
+79692912621
+380975635823
+77076387838
+79094545888
+77750008889
+380681400062
+380988576757
+79661936376
+79171075600
+41797784780
+79254679763
+77002626246
+79053889080
+380678060708
+79281605088
+79228017800
+79789334777
+79184023870
+79777756384
+79201040475
+375336079079
+79028128949
+79500567333
+79189319323
+79180717938
+79917717618
+380981011969
+77079930593
+79221366642
+79230147171
+79383131333
+79779163808
+79780534453
+78452990192
+79520183956
+79636922244
+77472121242
+77028580345
+79667757868
+79871011000
+79507105038
+79179777710
+79194818196
+79611008060
+79133050007
+79127194080
+79028905675
+79177751414
+73452555855
+79832530052
+380508015905
+79824216955
+79248411880
+79220837755
+78003500713
+79858789077
+74742222954
+380638929525
+79119200492
+77071518868
+77001704545
+79123616770
+78124073047
+79285902323
+77719365343
+79023349570
+79046712482
+79628781777
+79134420954
+79142670068
+77781216046
+79507998484
+79537169546
+79185228705
+79222540066
+79855771010
+380500422997
+78129006011
+79199169385
+77020770101
+79319538303
+79372224443
+79674316535
+78482372074
+79889000947
+79640518666
+79176936117
+73952391717
+375292363038
+73422582911
+78002220543
+79502679888
+79600483749
+79267059003
+77766118202
+380966288234
+77755310561
+79182627848
+79014854390
+79637074000
+79151431979
+79213914413
+79780870043
+74732394902
+73452381719
+79139120518
+74732533321
+79782060426
+99360161515
+77074691263
+79212285858
+78122222007
+79119203135
+77772474968
+77086174243
+998991788811
+79247655141
+79324230148
+79001202333
+79131774785
+73472571257
+79614898991
+79137589003
+79883648880
+79647273083
+79258132991
+79894950007
+77786455143
+79068451379
+79641802368
+380738332878
+79372761870
+380685884488
+79651690600
+74872770330
+79870272787
+77774581381
+79197791495
+77073087167
+79782555080
+380994144541
+79174185114
+79276005100
+77082708995
+79894670505
+79859355248
+79781345505
+77767078800
+79280517333
+99312454647
+79510939310
+79288761010
+77750344979
+79882913411
+74862490109
+79514287995
+79149639774
+79628709015
+78007007398
+79218030304
+79253667933
+78462675400
+79324299292
+79205339090
+79062179090
+79515657762
+79202987451
+79235828502
+78652215761
+79028240404
+73432885798
+79170188032
+79892633222
+380965466770
+375295161280
+79296126009
+79518404310
+77471061087
+79372909890
+996707851483
+79268422283
+79236808680
+79843330770
+79612854103
+79999736613
+73912507020
+79393067484
+77718228248
+78352755050
+79528969585
+375447482380
+79200295589
+77028011010
+79298610122
+996501121020
+380682306905
+79116166038
+74912434491
+73842900060
+79676091091
+77776287777
+79141066884
+79220980999
+79297391616
+79245309828
+375298297359
+79502171219
+79950086208
+79691796565
+79289437395
+380637370000
+79534581276
+79889096300
+996507887779
+79681540027
+79098931793
+79512937177
+78005008111
+79134189898
+79247655553
+78632640030
+77054797441
+79133878781
+84822301155
+79052264446
+380689240305
+74732604869
+79882343833
+375336161133
+79530167464
+78212424299
+79964140409
+375333340599
+375298886999
+79145435494
+79898740808
+79285069759
+79781159226
+79232171320
+79025445949
+37378882025
+77071071192
+79604759214
+79011219323
+78432160333
+79667667967
+79065719990
+380932675040
+79822999900
+79620233333
+79658315741
+79672227322
+79097739034
+79292260404
+79188299291
+79104166564
+79041778198
+79857542827
+74950234888
+79602288896
+79173731373
+996701545762
+78432073717
+79778758764
+380506893139
+79528553019
+79285554945
+4979506522223
+79289158476
+79636219828
+79640113366
+998909154008
+73812482482
+79654891403
+73812471007
+78129884183
+79302232121
+74942461616
+79133469654
+79023003030
+79519109303
+996505002122
+77775905158
+79633666405
+79511931410
+375292301052
+79202616644
+73912190101
+79094671110
+79289241919
+78002014080
+79281080040
+380954713678
+79237152233
+79522887173
+79284443344
+79659547337
+73422760625
+79012100101
+77470598629
+77079468322
+77776150088
+79524158845
+79222560464
+79188257957
+380633930207
+79622850907
+79814261460
+79956658365
+79029437437
+79683004422
+79888992188
+79144277910
+79379752000
+74956494142
+79277459948
+375333710000
+73812900001
+79789481837
+74722786069
+375291030603
+79640685354
+34636736836
+77088443057
+78442494020
+79635229199
+79600487151
+74959686002
+380665474047
+380982383309
+79028730319
+73832091170
+79170323232
+77470389593
+79687946227
+79196456789
+380930050123
+79241649133
+79183885015
+78122444999
+79106476276
+79152552577
+73833100717
+79051219219
+79780268810
+78432521500
+79217164545
+79276688388
+79775207641
+77477910969
+78123170515
+79184845001
+77780823030
+77075577780
+79642565054
+380963411023
+79198105049
+79192922102
+375333987987
+79397046990
+79098252626
+79127358614
+79193241234
+77078735410
+73852533449
+79117720999
+79244046446
+79231151808
+79045249898
+79213724477
+73452934743
+79992600000
+79640099390
+79248667306
+78005513305
+380683428848
+79915044980
+99364572390
+79200208089
+77759877906
+73452610055
+79123903656
+77786455143
+79264811008
+79243377772
+73852585001
+79995462837
+79231232312
+79034352522
+78142266272
+79099205555
+79850078327
+79787007071
+79373091010
+78432116838
+77013012625
+79650220777
+78001005952
+79371777117
+994556008179
+37122388435
+79277606015
+77758545935
+77786235757
+79033664626
+375297979559
+73422598787
+74959086262
+79882763095
+79779933606
+79882848355
+79048944100
+79506435008
+78162700600
+79281296953
+73852696912
+79279270745
+79899324444
+79389969696
+79267776004
+79080210208
+905358493888
+79315975000
+79515695606
+78412414000
+77719193333
+79025645291
+79169304846
+380670091319
+79066470606
+79159662704
+79523282036
+79271321199
+79892204111
+79137522020
+375296876060
+79300631310
+79293936644
+77051881871
+79142337577
+77761804747
+79152787840
+79110340053
+79960349739
+79279609005
+79034134131
+77073229903
+79177978805
+73912963606
+79679312090
+380443911101
+37368345979
+79913223322
+79024071054
+77766883311
+79380202863
+996551641111
+79036010808
+79899583448
+74852331263
+380980529848
+79011018621
+79516181122
+79184614500
+73517013101
+79506001136
+37256926128
+79882920520
+79064987749
+79233886699
+79952877883
+79100098500
+79521736684
+79515799000
+79272232657
+79881552323
+375297978090
+74162513777
+79387005575
+79643438793
+79002065777
+73472001146
+77768562222
+79611804938
+79658021504
+79280265155
+79102130800
+77781525182
+77762559280
+79613888000
+79027180147
+79259356770
+79268888564
+998977849494
+79306656565
+380954409099
+375291720000
+79624488687
+73953522373
+79189462056
+79022079977
+79385500106
+74842751771
+996555444433
+73912193040
+79290245739
+79047783777
+77081997330
+380997416118
+79157551120
+79221480000
+992000665544
+79264111625
+79991711696
+79513991878
+79091996363
+77081929396
+79142023724
+79036178218
+79227505703
+79659309145
+79003274696
+74951335910
+77777940308
+77762915555
+79270151661
+380684201717
+78332255566
+79094653535
+79250898887
+79180036555
+73822710210
+79082068601
+79050616835
+77055334446
+73833885005
+79107900900
+79994951414
+79370237709
+79029272866
+79397554354
+79614078339
+79244004555
+74997436272
+79383062517
+380996799868
+77718286476
+79393171212
+74950250204
+380676990055
+380636700013
+78432521414
+79994229168
+375295783468
+79674147209
+380502419641
+79996579010
+78129836050
+79389125566
+73412244133
+79290000870
+77027994067
+74232553550
+79959654126
+73822213186
+79379181808
+79663690038
+79285820443
+380931317403
+78127770555
+79186250011
+73852580330
+79245584800
+380634942410
+79283503555
+79787007978
+79139020606
+79324200510
+77471232970
+77767771595
+79895212114
+996779111333
+79177102050
+375291652633
+79623667326
+79681559628
+77780079922
+79898816060
+380506442999
+78002348148
+79628357855
+79803863436
+74993909936
+79991501108
+74722407407
+79991893563
+79053574699
+79535887771
+79992495400
+380935082116
+79086316080
+380635931425
+78633225191
+77072810000
+79099989949
+998934753737
+77472223221
+73912962166
+79185270270
+74957143109
+380980965724
+380978086384
+79389948614
+79128054795
+73912902902
+79788121999
+380965054558
+79272080737
+79817007108
+79093835037
+992929045050
+79039045045
+79039977729
+77003110722
+79068229781
+77082072545
+74992460206
+79606157111
+79604090017
+77054516675
+79680503065
+996700222274
+375298337337
+79234455552
+77773100013
+996700980980
+79646343118
+380933616318
+380668101849
+79371007707
+79867417707
+79035907556
+79133930415
+79177227121
+77475010909
+79771472888
+77029036602
+79139170265
+79189225050
+79878479770
+77472804747
+79292697905
+77783745155
+37256269052
+78422751070
+79881737007
+79092525258
+79128617700
+79203128813
+380635499955
+77017513241
+79201922002
+79800352317
+79679420103
+79624470868
+77763418386
+74912522255
+79684333642
+79852822929
+79182103737
+79199143820
+79372691309
+79788107016
+79139912727
+380732014339
+79181817373
+77782003344
+79025118038
+79183870459
+996500455889
+79883397449
+79268560560
+79643801885
+73812505027
+79298814114
+79221111563
+380506481290
+79296762478
+996553893399
+77757942120
+79930302689
+79605511100
+79282427252
+79618881114
+79019840381
+79024965866
+79121474774
+79180734216
+77027178835
+79633111222
+79021581600
+79204485854
+380679021561
+79160072231
+380963049313
+79888358717
+380980202828
+77771134301
+79377456363
+79780151701
+79877537026
+375293210000
+79383423500
+79280210905
+79257983400
+79258894989
+74957957885
+79280464040
+73422250636
+380931261476
+79276057344
+79308852545
+79180762277
+73833124321
+78005516696
+79128211639
+380638188188
+79294941600
+79637202202
+380975100110
+74952263322
+79896557722
+79001416972
+79782025507
+79372086868
+73852606900
+79393058282
+77477919494
+996707588855
+79200764342
+79852266770
+79198732500
+79384415757
+79643979964
+380689428470
+79272391111
+77019896077
+79035808585
+77026855580
+380973503503
+79287361612
+74993839999
+380630705070
+79093424140
+79269125777
+77004003494
+79067678787
+79002421111
+79785548899
+77073146363
+79220177000
+79133912007
+74732023003
+77072774801
+79882912126
+77078044566
+79193396314
+77072823400
+77083777778
+79781150200
+79298451000
+79092400220
+79045043555
+380509675579
+73532606044
+79080755844
+79108677200
+79138099786
+77028863008
+380668971964
+79676705453
+79229751421
+79120225779
+74957957705
+79991216707
+375298246246
+79038350222
+996507104555
+998951959393
+79276684226
+79153093998
+79142700625
+79624542322
+79670191004
+375296904045
+79255050502
+79222500000
+79874161361
+79673030324
+79502187797
+77756802295
+79024667576
+79172456000
+78002509501
+998900050300
+79829889821
+77719976754
+79283813100
+73432021919
+79025009282
+79681519995
+79263495323
+79817932923
+79379600505
+78435908639
+79185582000
+79649468559
+79019986052
+380985557909
+998997204050
+79247788707
+77029470223
+79225887736
+79031313888
+77001573478
+74951800880
+79299090603
+79280858207
+79237926960
+74852316161
+79167011177
+79271378077
+79780121009
+77781445500
+380976877437
+73452712888
+73912942350
+79526358898
+79253730555
+79959822754
+79296719908
+79220160833
+79040106969
+79322306337
+79268002882
+79188290933
+79960010103
+79600607766
+77084754764
+380936735604
+79534970077
+79037965156
+79534625151
+996555590033
+77761355757
+79119263210
+79202616655
+79379103030
+79234235252
+77086003725
+79289774173
+79121489024
+79234666777
+79136630711
+79609082528
+77272222720
+79199763446
+79682047305
+79280023500
+79142236559
+77473196964
+79260695818
+79257688523
+79775166577
+79197333634
+79054232220
+79185540442
+79871475000
+79033604209
+79608745639
+77001057777
+79662498589
+79182777555
+73812492919
+79175848273
+79258665206
+79128824048
+79301231030
+79292421990
+79280215121
+77774454456
+79050310389
+79258943940
+79686370807
+380939272170
+79502932423
+79120613384
+79310094151
+79139850226
+73472572585
+375296510077
+79180979098
+79788988418
+79082900799
+34641678183
+77018868388
+79286781010
+77784463757
+79258534577
+79143864148
+77005670000
+79094126178
+74995205017
+79249254242
+79181682288
+79272769229
+79380756558
+79381250000
+78552396840
+79236205160
+79322480410
+77017885188
+79882740005
+79377262788
+79285589299
+375447420838
+79004420672
+78512200047
+375296553020
+375293051339
+79275117051
+77003173133
+74951503950
+79236740549
+380632075914
+79789270371
+79033014712
+380715211633
+79244578860
+79130563467
+79129542211
+77010478888
+79209979000
+79234908081
+79162579223
+375447758201
+79138551226
+380672097094
+380954642946
+380973632337
+79853300052
+79879555003
+78332252020
+79033888771
+73532940550
+79621945252
+79279990191
+380935528027
+380686062574
+77715426148
+380714037606
+79066074004
+79817260353
+79250319624
+375298732732
+380997220000
+73517511819
+77771825656
+79186602929
+78202636200
+380637682172
+79654884502
+380993184473
+79011811424
+77011362888
+380674831565
+79780522271
+78352373720
+380684301500
+79271019793
+79004435883
+77076071515
+73499570111
+77470121463
+79217106151
+79276674237
+79050080624
+79828358198
+77001057777
+79889340703
+79256764399
+380508681804
+79250811808
+79123406110
+79625210022
+79067000144
+447908352218
+79025672728
+79388689475
+79377562211
+79517621919
+79053958989
+79029279106
+79259303232
+79634523768
+77053866766
+73833830604
+66805304686
+79965321515
+73833759602
+79621683388
+78126400506
+79273444420
+79115953030
+79999663900
+79138504430
+380631391551
+77007920007
+73494917144
+375296025342
+77477495447
+79098029818
+33756888833
+79785659655
+79661024415
+79882160202
+79613995141
+77711433333
+79031441725
+380800335758
+380960888404
+73439737767
+79002780122
+78002222000
+74732356060
+996700929927
+79850952037
+79871499962
+74957753047
+380990278109
+79288808028
+79882723392
+84959881919
+78001003292
+77073596808
+74212635963
+79786699111
+79181679887
+79959091591
+79991991319
+79606005452
+79282337379
+79166362838
+375292927927
+375293481212
+78125652506
+79899897099
+79654907770
+79780852829
+79835909793
+78152781313
+380976865000
+79380228989
+79017116564
+375297021021
+73912719100
+79032085708
+79047191111
+79100341999
+380678838814
+79199128042
+77026104610
+375291764940
+79157970559
+77471046822
+77783304942
+79020507766
+79158587701
+79128691717
+79186783332
+79128532343
+79054554565
+79832692020
+77087560499
+79881838028
+79277444646
+77778996608
+79612212923
+79223229832
+380508398453
+73833638713
+74722202242
+77772881199
+77788219692
+79170363632
+79896188287
+79280347460
+79087926116
+74993223255
+79235063838
+77025930000
+79969116100
+77074010141
+78162686060
+79538493636
+79050388328
+79681540124
+79821182222
+77762203600
+73812382210
+74957976457
+79781043033
+77776956776
+79045867241
+79207369945
+77760068019
+79518660750
+79871340484
+79788509272
+79384441222
+79280622332
+79225002245
+79243055585
+77073834040
+77477603167
+79187292886
+79788795555
+380939119396
+79119206443
+77476747853
+77786455143
+79044860202
+79627318169
+79014290253
+79299033133
+79608720000
+998998669909
+79885538600
+77471479378
+380506339111
+380500770770
+79842600070
+79672415848
+79180732223
+79624409740
+79685102464
+77012252875
+77072730593
+79134516585
+79872573730
+996776250250
+79243940044
+78004441098
+79504418811
+79991239059
+78312113044
+79639011818
+79539997792
+380939394333
+79057536543
+78006002861
+73466408008
+79776081299
+79246667799
+77781087421
+380500480962
+79278861187
+73422553939
+77052281500
+380635920878
+77071920001
+73955970444
+380939249828
+79895268172
+79885021515
+79372250295
+79383074000
+79626887555
+380638885857
+79128953138
+79268677700
+79616565899
+79223359159
+79385553030
+79884214333
+380988433818
+79379890560
+79174671040
+79054007793
+996557111338
+79837777052
+79258449476
+380961012992
+380668556552
+79189114040
+79210084088
+77082098812
+79132106166
+78212400707
+996709603520
+74242511106
+79288833799
+74232061026
+79378339001
+79029827105
+79219413919
+73452596065
+380685004890
+79615806524
+73412970909
+73512778780
+79111634332
+79789277261
+79783333317
+79287779900
+79285601961
+79823031298
+79093510501
+79996886881
+380504877775
+79872683439
+998712693005
+77056416148
+79280775566
+79247477977
+79179300488
+375291800726
+77012667650
+375292318819
+79275117851
+79045822715
+79162904721
+79142708768
+79026632960
+375298085842
+380935368561
+79825357444
+79178995986
+73833102029
+77765390707
+79157299294
+79132109404
+79780160316
+998712006969
+79811895052
+79215564346
+79290011148
+74832585585
+380686549079
+79063005906
+996999707909
+79128565774
+78124564474
+375296707081
+77753946989
+77476526453
+79634198280
+79283828070
+74957775797
+79674535865
+79239999009
+79662504020
+375296282933
+79095439226
+79802424343
+77003270766
+74956520608
+77085955739
+79624010902
+79851146283
+79642644443
+77771164455
+77001452926
+77073840001
+73822901190
+73422765859
+79328463670
+77474923707
+79046568008
+79649632811
+74112316610
+375445499339
+79886887179
+79102807779
+79882386236
+79631528766
+375296889682
+79151048182
+79511110802
+77479613857
+79785071717
+79832536376
+79277005075
+73472000902
+79186008011
+380734648970
+79001000201
+79241798290
+79235800011
+79188265623
+79130550585
+79635949169
+77757899336
+79823309067
+380967681066
+79897748415
+79614731160
+74999669939
+79530339999
+78462210229
+77004240708
+79148989096
+79272080815
+77072070000
+79091145738
+79186790558
+998909550123
+79220765559
+79895073493
+77002144804
+79172553430
+79787236132
+380687703570
+79631718818
+79389084699
+79157383015
+79142718688
+79859549473
+79386536060
+74957963536
+79282742494
+79246300400
+73519280808
+996707089089
+79273118717
+79993547900
+79607307000
+79859957803
+79182001083
+79639940859
+79288023737
+73852720750
+79282962573
+996706918231
+380721340555
+74733333100
+79246470606
+78123331881
+79389079955
+79173568277
+79378901008
+79030308098
+79164598533
+74957903132
+79586439044
+79180071020
+79969045550
+79232003314
+74957305458
+79680056020
+79886035850
+77054330152
+79114858913
+79243033806
+79002877740
+79275444583
+79787001502
+79261621220
+78354025620
+79537263666
+79159220003
+380976894697
+79090709838
+375293535311
+79282221937
+79780425578
+79958944021
+77768829101
+73532604488
+79188656526
+79293971220
+79957720272
+79387017117
+996703634422
+78352590659
+380673990160
+79265210392
+78003338004
+79999886661
+78142781578
+79884004646
+79505055908
+79867150217
+79676082525
+79146650431
+380967780707
+79609518777
+380950580048
+79083262046
+380684763727
+79620010844
+79272071670
+79230009994
+79808883311
+79285260004
+79175872654
+79640110535
+380934031773
+79245618080
+77152463908
+78412235235
+79502062007
+79604028312
+73912802900
+34686242640
+79261484990
+79881382335
+79213254606
+79882919191
+79276880584
+380994192212
+78613754540
+79788045354
+79282110290
+79146194440
+79623356136
+79782099059
+79250242123
+380672470999
+77132572797
+79624449828
+79624404584
+77773138877
+79231707888
+77765051305
+78314194343
+79372681761
+79186530707
+79835485658
+79536526917
+375445678866
+74732552475
+79287888813
+79287559190
+77752686292
+79509180591
+79776658348
+73512306006
+79065938299
+79298799155
+79167211177
+79604899250
+79992553890
+995557229341
+79285884499
+79287622622
+79633850088
+74932263615
+79505139700
+79642266888
+79017782957
+79285367816
+79670465780
+380671476137
+79242017001
+79266541971
+74932574205
+79867815519
+79141832702
+73812516277
+79538289371
+79897689992
+79280997999
+79601225253
+79888654385
+79523707342
+380974073103
+79169860058
+79270610997
+79217467442
+79174477502
+380487015680
+73452593580
+77758289600
+992556269090
+74862200600
+79615404324
+79198151211
+79697594059
+79677541722
+79041187002
+375447659555
+99363636363
+78127023030
+77021462577
+79219857929
+79781345505
+79188259565
+380970737761
+79684444552
+79186535775
+79062240440
+79082474444
+79000521452
+79656289888
+77751278566
+79298905222
+79233160909
+79372588588
+77785114671
+79227124384
+79081715005
+74952120656
+79167797290
+79787010404
+79660500093
+79833582158
+79642299886
+79618660434
+79625545692
+78342307373
+79857662863
+79093231111
+79089809777
+79128050901
+79788480556
+77073172121
+79181818192
+77775734848
+77017025050
+79882920820
+79286944445
+77475883949
+79619927772
+74212556587
+79237754742
+79259917822
+79186091010
+375445592247
+79158206699
+79131050072
+79674143636
+79991407365
+77076500235
+79885055533
+79781068081
+77474806312
+380684532660
+79285871100
+79303475932
+77758945422
+79878475626
+78212554579
+79252902926
+79370255244
+79138209990
+79183832905
+79370757485
+380973106939
+79189150453
+79533632763
+380503741337
+79898616282
+74012958030
+79178688525
+79898888070
+79040585200
+79258381383
+79187458007
+79196413441
+79214294956
+79536055069
+79883876327
+380991365581
+79385000333
+380660997623
+77077773960
+74862255265
+79957949494
+79094189988
+79067754581
+79245664777
+79136119503
+79058589505
+78482616466
+79030132315
+74242288211
+78124380080
+79033056407
+79279251535
+79601258875
+79168383096
+79202222988
+79388897067
+79152715055
+79241601881
+79186996699
+380962628656
+79180737727
+73517010105
+79145752505
+79055779033
+79248606999
+78006008838
+380961357525
+77000881817
+77000907900
+380687601020
+79952233524
+79883500015
+79272256829
+79203673143
+79256755560
+79282282112
+79805377831
+79242506991
+79524221818
+77479499891
+375336640777
+996774576657
+79991414149
+79138205885
+79193104040
+380505040430
+73833887708
+79538887845
+996559111169
+79147113377
+79280887015
+380682409920
+79000209465
+79246647204
+79069990101
+79209191313
+79619435808
+79266849033
+79094699956
+79232796861
+77056762343
+79287155888
+79235394755
+79289498067
+77077474065
+77019824406
+79959431053
+79180125416
+79247003737
+77073662535
+77055116219
+375333855517
+73472871215
+79830005851
+380665043621
+79237577026
+79892441135
+79951202085
+77472971919
+79885512882
+78412237111
+79147207555
+380675025214
+77762559280
+77752097010
+79228445566
+996708943590
+79950068809
+79518124396
+77718112052
+375291059191
+79518306092
+73822235161
+79132100607
+77077355559
+380800339853
+380635254616
+79284004545
+79858208929
+77025155015
+79264052474
+79250141666
+79518977008
+73412243345
+375293543300
+79520082149
+79641990919
+79280158005
+77771210888
+79219952888
+79615441359
+79039552280
+996702835762
+73452689077
+78412606505
+79822802707
+79282793383
+77010704515
+380935263288
+79086385033
+79288111037
+79142745625
+79770247692
+77006208360
+79882910291
+380975196868
+77074704930
+79380014864
+380934035542
+37378840483
+79624087257
+77753203300
+77775261217
+73845167722
+79033586226
+79242046467
+77780830666
+77019955703
+79178067111
+79628393675
+77781939901
+79252372966
+79859993979
+79144246333
+78162774343
+79245977711
+78432583844
+79216562140
+79186749664
+74112724848
+79141599777
+79782278108
+77478287471
+79371683233
+79272565000
+79200620162
+380991571680
+78314140094
+77085127777
+77057310201
+380506424344
+79237069695
+79292539108
+79967203838
+74212904990
+380978899534
+79062523855
+79374450033
+375444795650
+79503351139
+79673769276
+77778030595
+79183240007
+73433440123
+79006947775
+77788566884
+79773559826
+77074958283
+79961998966
+79086933269
+79371584996
+79687733422
+77766566544
+78006008080
+78001003360
+79129000302
+79649645852
+79115943939
+79270487727
+380665619932
+79275697006
+74952121383
+380681146432
+78312835595
+79287397747
+79144930000
+79228984948
+78552787848
+996550264817
+380500000000
+79964084860
+79258046272
+77716359977
+79178177627
+77475070026
+79654747888
+79114003419
+79882912101
+79317119282
+996559499799
+79281613995
+79143750274
+79649590909
+79381134247
+77473747315
+380934611197
+79380288335
+79276468778
+79385117049
+79638906453
+380682320022
+79381441191
+79219500960
+78005558163
+79119201057
+77763232353
+79180377241
+79501036888
+77473143359
+79183168720
+79285840055
+79278368877
+79219615642
+79824339983
+79140790001
+79064366888
+79888314030
+79000437773
+74162660101
+74732293093
+79180426323
+79274340470
+79090660969
+380666186669
+375292038428
+79262063400
+79858589420
+79780919141
+79789078510
+79996549191
+79188259525
+79187695983
+79652288888
+79829413958
+79787966062
+74217332233
+77078631612
+79260439404
+79247552538
+77055226232
+77082870843
+74832340557
+375336396666
+380984851068
+79135661111
+79271206000
+79640077726
+79264696962
+79091660809
+79207498292
+79625881030
+79165011177
+79160167979
+79601194267
+79270392818
+79999242402
+79157557554
+79884235266
+375293340574
+79040153111
+73512236777
+79186232777
+79027103774
+73517501414
+77751894282
+79882958930
+79267999393
+73452600750
+79001066626
+79859331691
+79268936919
+375293770000
+380674013800
+79093929189
+79287009004
+74732293940
+77057768430
+77074922609
+79001115216
+79624385310
+79064299662
+79882186781
+375291877177
+79809140330
+79137900600
+74955172209
+73462389699
+79510959911
+79322211313
+996707349097
+79009593674
+79384200020
+79533283600
+79992100595
+380954336930
+79782779907
+380937311240
+73517776015
+73532540770
+380993082007
+79308331333
+79172664440
+79272984237
+78312162007
+79099071733
+375296917030
+79815501469
+380502952433
+79883223284
+79776713770
+79894534667
+79021666080
+79502151540
+74712310311
+79967710141
+79221262696
+380995581960
+79875441744
+79896699952
+79139968449
+79226222666
+79117378008
+77071032228
+79001304074
+77053896004
+79260305383
+380636407333
+79248979037
+77477271595
+79000451266
+996706100085
+79119251689
+77071175657
+79963820058
+79825379988
+79672237667
+79032453663
+73412233376
+79788197034
+79640193627
+79882553650
+79165905133
+77055573526
+996505060655
+79227400424
+78002349901
+79782204007
+380956223171
+380686269317
+74012522830
+77761888627
+375296966100
+77077477000
+79643558060
+79064462849
+79600884825
+79048089610
+79177100927
+78129002559
+375293532725
+79649053000
+79282943535
+79039573355
+79835452115
+79210318194
+79289209020
+77015537371
+79780295053
+375293599489
+79640639338
+79219000280
+73942221080
+74732024702
+79085148833
+79106415458
+380688693636
+79882933363
+79054473222
+77784555106
+79113988841
+79180576767
+79824157196
+79225786726
+77780050632
+996700222274
+78007075550
+79255558919
+77758270382
+79786778466
+73433454711
+77471207753
+79196000103
+375291400344
+78005501594
+74997030471
+79646032511
+79990719099
+375297707111
+77077048800
+79525044260
+79043886655
+79961257306
+79280005599
+77003540000
+77071234422
+79084714648
+380730418155
+79058814464
+79272323211
+380997868602
+79268978887
+79882917121
+79219442642
+74112254433
+78007075501
+380713334626
+79697495656
+79036554321
+79283866877
+77085050969
+79882465146
+79616694778
+79516385577
+79258882378
+79021238947
+73952400530
+79535948033
+79130464343
+79841991818
+73467538818
+78432666555
+380661406005
+74932458645
+79083308877
+77024827593
+77789653969
+77772276777
+79380277395
+79380022244
+79831115739
+79196000696
+380963146611
+79610555656
+380963455020
+77769875522
+77054000097
+79528684646
+79145220404
+79870846741
+79064180080
+79500254808
+79274569998
+79619425225
+375291577300
+375447868686
+79651300990
+79270172442
+79538913520
+79617037000
+79275700056
+77072223177
+380980668000
+79233811717
+79183368884
+79600483844
+73422584488
+79000686811
+79620012224
+380994440934
+79033542052
+77081705507
+79277811333
+77771212275
+73472761818
+79261458558
+375333933033
+79253784803
+79999621018
+380631065864
+77059914173
+79672045050
+77081906117
+79882933318
+79671123111
+79781097307
+77019982008
+79152104687
+79263370607
+79140056229
+79895205588
+78152707937
+79132102207
+79807230719
+34672442251
+77013528686
+79624099980
+79872435000
+79881575703
+79048977050
+79280402618
+74993229697
+77775909293
+77474900046
+79506001144
+79652090505
+79883058080
+73412670404
+79278916619
+79145446527
+79199900579
+79038118110
+375291818107
+79273156105
+79238268018
+79624349237
+77001555075
+79028020018
+996509440450
+78432122382
+79280808029
+79022077376
+74862300000
+74954463208
+79883612554
+79682674555
+79133494985
+77010557557
+79286132768
+79686731199
+79236662255
+77472243398
+79384747365
+79022380727
+79109739232
+79511114736
+77051734959
+380933703029
+79089927892
+79099309088
+79232631010
+84812242222
+79221363803
+79284780404
+79207423852
+79037420549
+78552928767
+79190157707
+996500111600
+79885009098
+79670264303
+78124570070
+77714446373
+375297746060
+79219935995
+79212082288
+996500777665
+79533482554
+77780515250
+78123101534
+79511698033
+380672134402
+79661266677
+380674377788
+77027614361
+77073033535
+79234286128
+77761206110
+77474807880
+79258288595
+79146188040
+79104105300
+79141311592
+78552920055
+79524000043
+996507105060
+375291121177
+79109732044
+375293189094
+79857638454
+79388898080
+79111596947
+78152707703
+375295316881
+380982580580
+79221681508
+79114006866
+77076685787
+79029143366
+78552202720
+375447558021
+79109872829
+79378294544
+375296726010
+79280606439
+79852779870
+73852998893
+79189762007
+79924004100
+79141290900
+74234246247
+79780224303
+79393093899
+79153592430
+79119269997
+79035460050
+79177360429
+77475844518
+905013545963
+79880822549
+79228863247
+79136335510
+79245005757
+79107320598
+79048449798
+79219975792
+79240001377
+79255743177
+375336503997
+79204222776
+77004040878
+79697595933
+79166414100
+79507433427
+79227590898
+79237753445
+79272940294
+79898938393
+77051503335
+79179179235
+79042207550
+79964178085
+78312308033
+78432121117
+77762559280
+79137462431
+79287274427
+79260722883
+79281402727
+79031256865
+79963393090
+306982651918
+37362163955
+77476845134
+79120225779
+79189550100
+79215870080
+74951283098
+79275600957
+77028561410
+78442571489
+380689919948
+79201824242
+74832263206
+79649344494
+77472744448
+79189367426
+88632291967
+79109732044
+79281201617
+77017025050
+77078121200
+74953686661
+78122093059
+79277863621
+79063609827
+48796486383
+79283000344
+375293659000
+79308655555
+79781056445
+79698241101
+79870950915
+79875800707
+79219473545
+73513690909
+78003016088
+79246035404
+78005500600
+79107311414
+77777235252
+79518338349
+79673007060
+375297549549
+74956600606
+74722749050
+78452999111
+79114670379
+78342231323
+79227087778
+375297260559
+79151463030
+79241261506
+78412990599
+380931607919
+79214477971
+79235585550
+79036781485
+79999991790
+79787018887
+77072950237
+79050803737
+77788611636
+79105947879
+79676688332
+74812242222
+74954454441
+380638696973
+79641405544
+79782163987
+79388898819
+79604272778
+79160709270
+79243737733
+79652818820
+79123920246
+79693442444
+79524239716
+79115318133
+380933607060
+79999998980
+79094542834
+77027504825
+79996610011
+78002504381
+79280693577
+79616674040
+79264910136
+77079474215
+79867527287
+78126705848
+79255465152
+79250285673
+79038588569
+79882002717
+79624508833
+380504818000
+77750273333
+79145058585
+79280078323
+77057620488
+79270046464
+79640717745
+79380032503
+79276925171
+380686830000
+79339313927
+79024567110
+74812381510
+77024267955
+79041622244
+79292985838
+79133707378
+380989710002
+79614888803
+79633892929
+79896644614
+78432513025
+79307118797
+79120305691
+79022077827
+74232733443
+375291977585
+79377778004
+79100090323
+78469937009
+74957773954
+79005880599
+79882911099
+79511265652
+79151044999
+79236208492
+79962003333
+375297399399
+79299997888
+79622555464
+37360767223
+79236101684
+79287165567
+79872750331
+79896542000
+77075573305
+79240088080
+79992229001
+79228297757
+79184460856
+79068110155
+79659059507
+74951343333
+77005553715
+73537340333
+73412576578
+79292559222
+77776660277
+77054413843
+79518908104
+79125043435
+79114192020
+79282082526
+79280411220
+79871861619
+79120615203
+78126221422
+74722588216
+380997000099
+79999833333
+78312621322
+77471480850
+78672333390
+380997239960
+380979993969
+79818150405
+79673380530
+79129477367
+78142599009
+79686846858
+79771244361
+79272363936
+77019213823
+78552782690
+79281173316
+79214047204
+79034164488
+79219420242
+79244238812
+78432253030
+73912582323
+79020655554
+78005119336
+79165097101
+380958500005
+79147924502
+77003644438
+79173617351
+79237373231
+79002598939
+79179000005
+79227507897
+79530666480
+79196188918
+77773665111
+79198995025
+380997773731
+79159277889
+78006002020
+79994544575
+77051763022
+380989100198
+79378182688
+79182170040
+79081507001
+74232408888
+998993217999
+79887404477
+996700183838
+73452703636
+77021001087
+78123341455
+78005006865
+79788378067
+79214304848
+79018947779
+79258337244
+375445503055
+79301234564
+79871451010
+77789030130
+380660106263
+79679003555
+77784252124
+77773627800
+79142738111
+73532902722
+79035862880
+380981003921
+79145505208
+79197181213
+77081184331
+79882721152
+74954451999
+73842339192
+79785001222
+74996477979
+79283654545
+77758883704
+380993224602
+79186590970
+73412567919
+79047121025
+79996985560
+74957834833
+79520082094
+380933438866
+78005500600
+79039525085
+74912514403
+79037726686
+74950045090
+79282536696
+375445953333
+79081833612
+79879556050
+78312818118
+79285558363
+79993463386
+380960487808
+79280654600
+79140659936
+77023249111
+79192777278
+375298180108
+79389025203
+996552067010
+380633880388
+79278158585
+79090151011
+79253993193
+79285927574
+375447365964
+79046728495
+79818802003
+380954838669
+77784772290
+79110237383
+380632623155
+79285718533
+375296669399
+77473997182
+77770767370
+77756871555
+79293588585
+79058999468
+79224798049
+79141076223
+79882207500
+79286394440
+79184806662
+79896693311
+79188229170
+79283904552
+77787330088
+79240022211
+79103811289
+79635354144
+77079500199
+79295977183
+73822990990
+79881528878
+74732906555
+79517749624
+77087133699
+79586541838
+79923030457
+380963702912
+77778115111
+79057577878
+77753743339
+79108352181
+79196170836
+79188287898
+79787011010
+77472989094
+79142713031
+375333808020
+380935835888
+77476675758
+380674690462
+79056691817
+79269406547
+78005002400
+74992500660
+77782662766
+79867816691
+79285032043
+380936644731
+78005506106
+79285062090
+79833217450
+78007754345
+79521630674
+79787590305
+79222535016
+74951284884
+79235355005
+380663558824
+74152337722
+79773782133
+77016308687
+74735451150
+79198962669
+380960625500
+79657000999
+77479504133
+79376141407
+79033019444
+79086421951
+77758163003
+79193272864
+79098357677
+78002228073
+79892592590
+77751210011
+73522672120
+79869379263
+79145518836
+79282714400
+79213889957
+79618405254
+79236027021
+79882427727
+79320900316
+77086146364
+79894626151
+73832133727
+74953630023
+79771514050
+79154086938
+79044552721
+79228856207
+380737773303
+79883690002
+79010858555
+79898601110
+79521313747
+79882451270
+79172062706
+73462993339
+79222667723
+73512209945
+79146550550
+380976026562
+79160001722
+380950753530
+380989898850
+79101640005
+79198670707
+73472872877
+79506771449
+78162779897
+79529519988
+79303301318
+79081358925
+79676732444
+78003333323
+79682675475
+79875959949
+79996926438
+996501510200
+79616678782
+79014425060
+79271470257
+79811083511
+77019411411
+79606781689
+79651555559
+74952357507
+79894581419
+79380005455
+380977277591
+77086645471
+79777784991
+79232688822
+73438467800
+79256073307
+79780413942
+79832605431
+79225689343
+79286038775
+77051008762
+79639999407
+79000416432
+375293793840
+74242511099
+79886673412
+79657055558
+79833772222
+79243703633
+380487830061
+79094843003
+79638808282
+79193531001
+77770000103
+79235230100
+79082904013
+905525815621
+79226250904
+78482613061
+79505127919
+78312622474
+79285272525
+79528343272
+77716456566
+77003496600
+73832911717
+79000905490
+79080926070
+79538570075
+79322578333
+79323211902
+79166352790
+73412323300
+79620715222
+79002084005
+375333494499
+73842670100
+79216579336
+79030000251
+79692197752
+79009046590
+77053383333
+79194787434
+79053322732
+73412510525
+79678295500
+79102103166
+79272369655
+79280988216
+79234726111
+79643838008
+78007070858
+79898191497
+79285676095
+79246673344
+79582566451
+79139218641
+73902325325
+77056561790
+79681567872
+74832296296
+77023938293
+77058134999
+380931856422
+79785056751
+998974556276
+79614821596
+79063078324
+79508542273
+77474287879
+79115948040
+99362405033
+74951969983
+79679520962
+79103680102
+79778171021
+79588551677
+996312986688
+79219129202
+79261240550
+79200000412
+375447022200
+74232004000
+77768038686
+79161230707
+37379995500
+79872250250
+37377764999
+79872949596
+77786769787
+79138502080
+380958175060
+79618411488
+79263996651
+79788327779
+79114038232
+79774175984
+79536400839
+79005886363
+77471230020
+79608313178
+79199563577
+73912514000
+79890871287
+380990108886
+79185772060
+37379903033
+73812377716
+77779151300
+79628716050
+79185051761
+79803747610
+79289888872
+79857007440
+79156586691
+79148999541
+79040934343
+79020443942
+78112201519
+79279609212
+79625260876
+79603892664
+79118828108
+79283676661
+79283774996
+79199029928
+79229950656
+79385272151
+79279041810
+79094003110
+79203515858
+74997052171
+79176840303
+79609078565
+79179086505
+79098492506
+79600818606
+79114608037
+79964609283
+79066370228
+79662501600
+79635275837
+79264221150
+79688884127
+375336236985
+79065170303
+380504810502
+79033887626
+79284420254
+74952220852
+79057488000
+74212657200
+79534008433
+78126400900
+79627191022
+78313059990
+73462589758
+79193176505
+79809791888
+79184459067
+79069622845
+77719968000
+79635954444
+79833908279
+79883854777
+79603749584
+375259514782
+79279283808
+79624003309
+77759293903
+78464912444
+79249221234
+375447907306
+74722224111
+79069613110
+79654953111
+79881399929
+79174502111
+79282120096
+74012555755
+79219405646
+77788335511
+77773000903
+73952402407
+79025117585
+79256494232
+79773707690
+79281321811
+79185458636
+79679504646
+79000210655
+79280082345
+375445423716
+78452744117
+79282622211
+79026512051
+77077733093
+79656138001
+77007876070
+79027301337
+79270113999
+375293059000
+79397596956
+79218658464
+79514908827
+79058206944
+79025242024
+79043266181
+79205083030
+79854101580
+79822106603
+79625818282
+375296044772
+380952425551
+79048119268
+998939276008
+79134779339
+79227881185
+79051032002
+79289442000
+73432020702
+73452396557
+78127036788
+79960000033
+78332210373
+79963950661
+375298635635
+79220870505
+73452550707
+79882913003
+77029743518
+375291347336
+78006000051
+74951757175
+375293606304
+77010330233
+77787488811
+79228299049
+77759347478
+79898999133
+79778811741
+79102487670
+79023521473
+79871636336
+79389993030
+79623070311
+79534622229
+79033600414
+79533668022
+77780030643
+79885410254
+380661432617
+380975563088
+79227739371
+79286270977
+79213374007
+79142714047
+79645062599
+79188237837
+79212616761
+996508808089
+79153672202
+78672765449
+79615546655
+79688500008
+79100817555
+380721400777
+380973245711
+79176985685
+79205787337
+79292094802
+79288395225
+375293451100
+77053339797
+79882953540
+79225553855
+79025357777
+79123824613
+78005500600
+375295184912
+77004000585
+73812485486
+79679588101
+79144505814
+79270617802
+79144705565
+79781006362
+375447373221
+77004300491
+996500666619
+79509002448
+79505928714
+79138306966
+79383433000
+78452460460
+77010123355
+79285405580
+79189407772
+79143561616
+77760307182
+79176680083
+77088551660
+79218455080
+79285023030
+79523137167
+79964838743
+79536767026
+79145003737
+79622842122
+79000779911
+79515238055
+74959887552
+79525770721
+78613332241
+380930201212
+380663738154
+79832000133
+78002000783
+74822752020
+73833832929
+79333014244
+77028570461
+79136718482
+79684025000
+79248581110
+79373472000
+73952611737
+73832877377
+79220900008
+79676549689
+79956060333
+79223331328
+79833159230
+79046334947
+79106476089
+79150975347
+79990778875
+79407626266
+77718819999
+79640217555
+79141582064
+79149277038
+79198783003
+73822213222
+79870686546
+79177476886
+79600333356
+79270650555
+79059847478
+78002226546
+79287213030
+77777779500
+79872245550
+79857662555
+79622855587
+77787809915
+73852690266
+79627038717
+79236359997
+79105120220
+380671780414
+79828124779
+79504468320
+79098236465
+380937570575
+78005558206
+79188957835
+79658688009
+992000009900
+79957205729
+79871006214
+74912434182
+77756862712
+79529178282
+79891964454
+79373034503
+79026909192
+79894714141
+77775363555
+79295681423
+74862509040
+79964502545
+79874071028
+380969155353
+79128653511
+380634088260
+380961893973
+79289855701
+380978200753
+79177973747
+79099195911
+79504004103
+380631097714
+79509505020
+73452500900
+994504489720
+79270485353
+79654306232
+77477693838
+78002006924
+79894543328
+79287388899
+74951233340
+79235673383
+78452256060
+79050666050
+79069466658
+79280239223
+79527434740
+79001212102
+77473111517
+375297553785
+79536301210
+79870337337
+79886446913
+77751536864
+375292844030
+79286422121
+79289106110
+77072189838
+79285096285
+380932503888
+996507656597
+79785198327
+74732021404
+79242171717
+79065157545
+79375555440
+79268247725
+74952330404
+79048168668
+79270582494
+996770672206
+79881468820
+79128562355
+77024298911
+79138256667
+79994599059
+79288673444
+996556100995
+79232612021
+73462500186
+79034770049
+79781073250
+79581413041
+380952239992
+79270099988
+79308007770
+73812370197
+77475709393
+380507875008
+79773680415
+79968511161
+79064481112
+79514696458
+79113007016
+996706357002
+73912149966
+78126034848
+79099233453
+380991960064
+79247237575
+73833639595
+79272494551
+73952706148
+79028550450
+77750416767
+79505727272
+74232682929
+380981009190
+77711433333
+77142543447
+79524474242
+79027117111
+74712770404
+992933213333
+79659654473
+79188201234
+79130944259
+77074442435
+77052638619
+79289875801
+73462909192
+380638228444
+74965478888
+79884312301
+79285488200
+73919760200
+79166463397
+380936808749
+79288067777
+79312331655
+79882939696
+380736551010
+79649222245
+380501498400
+77778555804
+79280553255
+79803873441
+78435587725
+79857205226
+79059765262
+74997544444
+79888977072
+79850259999
+79162050220
+79867216622
+79999118588
+79169175456
+79025680918
+79585465436
+79186789152
+79202616622
+79878474433
+79024826664
+79882933600
+380992866909
+99362024477
+79627530202
+77074198969
+79381562420
+79182495390
+77073261092
+78625552560
+79030055082
+73494927858
+79269390012
+74994441488
+79203211279
+74952550111
+79241802130
+79812398686
+73422233340
+79006410504
+996703172333
+79125933724
+79272300090
+79173502420
+79242303433
+79857609721
+79682875767
+73919867856
+79516933332
+79228169119
+79136076051
+79047602525
+79232296610
+79115914444
+79014790829
+79057053716
+79182050515
+79202014797
+77077190971
+79774657947
+380715551133
+79679344222
+380502291900
+79649081201
+79787507076
+79953027772
+78559550516
+79781111978
+73952505506
+79998744143
+79384582157
+79523101956
+79622975474
+79372763525
+79186282848
+79874036991
+79691018666
+79031111488
+79649946638
+79187107525
+74957102417
+77075809999
+77075960016
+380999391001
+79600959955
+79040072233
+77787330088
+79276040863
+77754484411
+79182575257
+78412999675
+380931676888
+79647773366
+79697590299
+79874336378
+77719061883
+79999693406
+73422022122
+77071999400
+79785734629
+79208585648
+73422919112
+79955078605
+380933507873
+79610055404
+77071703713
+79130060793
+79380011341
+380665735045
+79104496162
+79156262453
+79966392231
+79915113097
+79254951146
+79301813050
+79232795980
+79822860306
+79225286388
+79811589523
+375333262262
+77078897101
+79223338103
+79037258526
+79637071111
+380934404001
+77086939335
+79895112882
+380684722865
+79528076094
+77070223388
+79786567878
+79692053513
+79180727171
+77716940298
+79787007070
+78312170977
+79789265757
+79128746700
+73902327779
+79180829111
+375445050075
+99362423355
+79113003470
+79515013333
+79045964706
+74953747510
+74732100051
+79508932008
+79177400906
+79841005929
+77787320215
+79882923828
+79673181999
+380487716577
+79272602392
+79244584213
+79628119423
+79260242696
+79780273727
+79679376198
+79771385003
+380631166528
+78312170000
+79003236001
+79957899726
+79148907373
+79822999900
+996708399017
+77788084338
+77752340196
+79128562608
+79281034333
+79885186339
+79144980998
+79280400002
+79282028844
+73422383822
+79282657365
+73412566326
+79620919596
+79009590898
+79625506522
+79130427920
+79277657765
+77753494852
+79625563930
+79039555512
+79304001617
+74752532266
+77052025770
+79169022777
+79289476666
+79507656788
+79069821788
+79835480606
+79178747007
+73833101100
+79285065061
+79198991436
+79055441109
+73452989996
+79787028142
+380487718182
+73952798999
+79116003903
+79093200838
+79388882298
+375333378484
+79787447441
+79236100054
+79085542344
+79224761122
+79224533232
+79029677744
+79254355353
+77054984833
+79378050545
+380633034930
+79874385003
+375293090202
+79883216603
+79779558900
+79221741000
+380990914435
+79128050600
+74724456363
+79025166555
+380961296247
+79996991251
+79296465057
+73822250650
+79786815357
+79644914434
+79036022614
+77078166727
+79603289596
+78482650100
+77074119650
+79629268221
+79196489069
+77479000764
+79614788182
+79520050548
+74952316039
+79898960590
+375333665665
+79148957868
+78125660888
+79168155640
+79649181020
+79167597626
+79000505716
+73842900600
+79138491389
+79232735282
+375295711515
+79528121110
+79914077727
+79967758813
+79295725732
+79249169494
+79080070909
+78442575888
+79331112229
+79171366855
+79381540333
+380672726207
+79604224442
+79674049653
+74852330264
+79678387842
+78003503063
+380950580003
+79163389713
+74954108022
+380966556677
+79686881999
+79022095095
+79236082727
+37360615168
+78512707111
+79308201302
+79131036376
+79850185666
+77076474820
+79279960788
+79173947406
+77713561676
+78123341427
+78002228073
+79882020011
+77772944828
+79789216767
+73472250320
+79018670444
+79869313500
+79624471977
+79226844509
+375336524400
+73412906190
+79381147575
+77079656538
+79924236760
+79652074918
+77775188542
+77715036464
+79284358888
+78452591212
+380931187371
+78422719050
+79182435583
+79134823292
+74955435050
+79018132222
+79188257774
+79882915615
+79538552921
+79184378441
+79241297234
+79207971221
+74952285050
+79228444271
+79624442686
+79882939093
+79208163723
+79005624848
+79059058870
+79648469800
+78182407778
+79273381047
+79995407946
+79780981234
+79284960222
+79252959391
+79166750707
+380631866997
+73433020222
+79196017897
+79870040104
+37444730731
+380686663566
+79183326177
+79384824212
+79184041818
+79227276800
+79052020437
+79313799709
+380950501113
+79137693300
+79775199627
+79177306634
+79374550663
+79234899958
+77078453839
+79673674016
+79006947001
+78312889386
+77079078616
+78124580747
+79227831795
+78442575444
+79817735050
+79679333503
+74992299222
+77081990197
+79319674109
+380663871133
+74956681310
+77022076111
+79786916344
+79219969465
+74742275341
+79261400074
+79502715036
+73462332121
+79041290303
+79266006033
+79998007505
+77021831110
+77011012557
+79872977936
+73433281413
+79299370198
+79284565642
+79786285452
+380713106969
+79280326452
+73822909399
+79780010118
+77088002121
+79219563982
+380978544094
+79301640404
+79375434665
+79996333630
+79233537880
+79224747867
+77775772200
+79586252808
+79627662111
+79326070207
+79188244433
+79182662671
+79117902541
+79519993246
+375293555060
+996705109593
+998911909939
+73467901110
+78432491088
+77075550181
+79177372707
+79296933821
+78452377000
+77020006630
+79897594142
+79144092627
+74712746680
+79384506111
+380672747171
+79877955600
+79021736060
+79780321167
+79849999455
+17074060560
+74952253500
+79183720200
+79961832448
+79061065789
+79225782102
+79659059955
+74991109141
+79324028939
+79250404722
+79374700069
+79002595555
+77077658669
+77768445542
+77786075913
+380714979014
+79282663555
+380635850303
+78202603903
+79248943143
+79249917496
+79285766050
+78126037593
+79999999999
+79834201302
+79298582206
+79292502241
+375256061551
+380966333551
+79381110555
+79640648833
+74832688895
+79132153269
+77787804254
+79126057227
+996556016036
+79133835858
+79788197034
+79277870667
+79044269293
+79135396434
+79912451206
+375333343534
+77071100012
+79826935854
+79696556757
+77021125959
+79035994097
+73512171177
+79182791840
+77477883861
+79654500047
+79782694042
+79372550584
+73452533130
+79116003613
+79273300404
+79782026800
+79136822943
+79882912121
+79631177878
+380487001120
+79656059881
+79219041010
+34631920312
+73812481022
+77075550977
+78452659565
+79177646962
+73952482482
+78435282122
+78612900045
+79380000872
+79175682942
+79033808044
+77012258228
+79870045582
+79967442767
+79080910123
+998914069100
+79131626044
+79370250011
+79281245030
+79196000103
+79287098535
+78003509112
+79530440050
+79370971899
+78005554342
+78622590920
+79640863111
+375293326268
+79882939302
+79244605005
+380975252017
+375444808080
+79520005101
+74956171424
+77071518868
+73522558898
+79528703830
+79189738816
+79045042492
+78124483847
+79654076372
+79888880212
+79646032529
+79670339733
+37120460666
+77056160885
+79282883322
+79785802602
+77051542740
+996702359965
+79380235556
+79269319986
+79278926036
+78004443353
+77750903658
+375257664754
+79222882545
+79040585200
+79520400333
+380631049434
+79196175484
+79122903543
+79961273780
+79894585350
+79821176760
+79081897187
+79874774957
+79060503525
+74852671080
+79370360111
+78123100200
+79021360071
+79602532936
+79064421682
+79221104101
+79884201686
+79280111363
+992446013300
+77006565657
+77029646202
+79045333833
+79273724985
+73424210612
+77778259313
+77021107777
+79123765141
+78005514072
+380934333070
+79894470943
+79910942402
+79275116100
+77750252515
+79295392009
+79065497778
+79151048182
+79313032993
+79033745511
+79058829888
+79519994281
+79187388080
+79309467773
+73422470709
+74012533355
+79613082828
+79775755602
+79671516736
+380675656900
+77769135777
+79785550606
+79037921196
+905434967905
+79626145491
+79038393773
+79677063344
+78002223208
+79289802121
+77007471317
+79954226111
+79280099993
+77023106060
+79516091944
+79874966288
+79519212511
+79649333111
+79284499814
+79009268474
+77781605199
+77071631223
+78006000315
+79193542788
+79521575566
+79319550405
+79312716422
+380996635487
+79281705656
+79958052020
+37379367488
+79272493087
+79381190464
+79203797005
+79278093436
+79850539926
+380984346586
+79128000068
+79053566014
+380733020333
+79177188313
+79276974049
+79194522282
+79189674617
+79277233247
+79272990018
+79177779560
+73832772797
+380685119762
+77017629595
+79233550507
+375291577236
+79122700797
+79193410755
+79136287000
+79681552211
+79022032525
+79990622575
+79196245637
+73532661006
+375292904444
+79322487939
+79234058475
+79177461982
+79310096467
+73512164050
+77072227950
+79218964088
+79899061095
+79181444300
+74732555155
+79186489966
+77774092919
+79852608147
+79271572454
+79068315112
+79389044420
+380687644517
+971551185064
+79681495959
+79883520583
+79667460602
+79252233444
+78412205880
+79613601773
+79251217467
+79998537262
+375291291111
+79188299600
+79171535371
+79397516177
+79064517317
+79184804588
+79181655545
+73452667400
+79313562620
+79882227949
+79179303103
+79250315856
+79027346555
+78007070469
+77753074441
+79518800726
+380980430942
+79207173300
+79806952525
+79615439996
+77005300008
+79380033430
+73522227977
+79526429221
+380717708111
+79534049696
+79132108095
+79680349778
+79508957371
+79510081008
+78126027610
+77718806873
+77053291200
+78002340146
+79111456619
+74012523696
+74752422040
+77077134629
+79056311888
+79024280997
+79248803353
+79287599995
+79500703850
+79183606012
+79128564870
+78126034360
+79230365556
+79389090505
+79501856555
+79219131716
+79530004870
+99364504413
+79042700001
+79772580077
+77029144490
+79622202642
+79247218031
+79107304004
+77029646202
+77071462020
+79779111959
+78632260771
+79817991257
+77788539388
+73472850007
+79633708827
+79165353276
+79389937373
+79033772500
+380994018929
+79280046669
+74742555595
+79656556509
+996772510707
+79060313113
+79220697542
+79292388880
+79264657711
+79882936068
+79177855533
+79990848357
+79288680800
+79151577793
+79899890589
+77018885572
+79189670877
+79134336172
+77775970031
+79601225192
+79887338947
+79285267877
+79185994632
+74862255555
+79177542848
+79853565800
+79054105227
+79996502805
+79229808997
+79257881917
+79187020569
+77086156643
+79517521100
+79539695340
+79034233906
+79513604224
+79528809449
+79029144264
+77079988776
+79875162600
+74822666333
+375292776609
+79679221111
+380634195964
+79185273938
+74752509111
+77014550033
+77078282821
+79304149887
+79163780909
+79501312666
+79195662556
+77714839390
+79882454404
+79054189995
+74732122815
+79248113007
+73822235425
+79892122139
+79309322101
+79264653125
+380667602246
+79236033875
+77071587182
+79519197376
+79827721103
+77472021013
+79511414242
+79601914121
+74991255349
+79204063564
+79043412725
+79059987896
+79033284047
+79535426318
+79884420700
+79289472363
+79157271300
+79037215012
+78462053055
+73422700306
+79891970047
+79170148999
+77082154712
+77015512843
+79034801392
+77477110681
+79219576200
+79051005556
+79288488882
+380964286470
+79295452508
+79896586656
+79523172173
+79241108686
+77750387007
+79211006033
+79995373772
+375292197119
+77752127275
+77053339038
+79385115552
+79515017325
+79258888905
+79787981875
+380982068008
+79640663637
+79176337494
+74959883006
+79142990633
+79290113001
+79376422221
+79234579496
+79180277444
+380660003111
+78462529877
+79505790230
+77781019911
+77077788629
+380684824948
+77473517421
+380501498999
+79385169888
+380934435353
+79142708100
+79633003455
+79206843915
+77011584501
+79017063230
+79270343366
+77777888888
+79681540084
+79624288932
+79180602661
+79523478167
+79183902777
+79262292698
+79645243231
+380635058888
+79925221545
+79774653426
+74742713666
+74012525210
+79279590099
+79095178860
+996554999956
+79371372720
+79234008383
+79655607626
+78124267700
+77019988252
+79061540402
+79370603737
+375447233000
+79192486848
+380964158458
+79183439264
+79237279555
+79637773430
+79036497637
+79019981840
+380686080068
+380633132752
+79536571703
+79785405500
+375296175566
+79773713272
+79147033132
+79883391840
+380680000208
+79191230408
+77078981738
+79164280651
+79624000666
+79236103222
+79610959300
+79880301113
+74951755380
+79624526800
+79640113928
+73902260036
+79879327103
+79537164222
+79781306930
+79066419269
+74959336157
+79135325416
+79645926207
+79780010453
+77753156020
+375447593256
+78512223101
+79085555323
+380976904045
+380635711591
+79196124847
+77011248018
+79204111717
+79895000141
+79144963002
+79093493590
+79164706500
+79291046304
+79637011153
+380631313893
+79658422240
+79054260001
+79012888070
+79508469003
+79616894959
+380984030455
+79287857970
+380993806722
+79634001323
+380663653375
+77473732020
+79137052552
+79621802552
+79003228444
+77076337133
+79323018399
+79155453020
+74832770037
+79139130376
+79289580958
+380710711111
+79782124276
+77076792367
+79152137921
+380736007070
+79959132032
+74932574545
+78332225544
+79321224234
+78313070837
+79220507423
+79673060620
+74996537590
+79211364228
+375292224484
+79788423343
+79524820649
+380935855880
+79288738525
+73422778008
+79288048844
+77010572223
+79281552995
+79189372538
+79220605551
+79172587077
+79637381420
+79120612224
+79383433394
+79896745444
+375298273838
+79280000069
+79134578413
+79656711979
+79676084873
+996557728000
+380989852020
+79000512251
+79032241142
+78452716001
+99363330799
+79640388508
+77071067077
+380991919902
+77020074500
+79371022010
+78412280300
+380965800880
+79236170145
+79998791852
+79191232928
+79026909192
+77273131229
+79114169426
+79177574042
+79888959828
+79376909558
+77473943145
+79278918613
+79283917750
+79517947403
+79297473772
+77022994691
+79537070705
+79641031199
+79062353355
+79151577407
+77005353123
+79878041879
+380501041117
+79188322755
+79389074370
+73919417000
+79276107001
+380939233853
+79062142133
+79123077555
+79206866987
+77072160406
+79283280809
+77089007282
+994515010140
+79873077778
+79123762325
+73537400500
+380730333555
+79867138250
+78007075550
+79212963959
+77765557748
+77072184387
+79897179495
+375447758201
+78432085508
+79818223153
+74993479141
+380505881449
+77072916020
+79671150002
+78000809930
+77074098585
+79289400072
+79246914796
+79275655012
+79610917003
+78129863353
+79200044944
+79286532727
+79043445577
+78007006252
+79323103303
+79867377665
+79164569835
+77756434889
+77006833866
+79184466792
+79282887887
+77005551010
+79057000930
+78007775437
+79039273938
+79631042777
+79506717116
+79118591374
+79157495550
+74951152378
+73812507177
+79298800085
+79887905552
+79961046326
+79284416022
+79138370101
+79234726111
+79964535207
+79298965255
+77075264511
+380665848258
+79385151713
+79265645598
+996501501565
+79535877073
+79037797790
+79282709242
+79131893999
+375296440666
+79085414886
+79219715553
+79384777410
+79033069529
+79116609676
+79159506945
+79789037717
+79256232323
+79027082828
+77762039590
+79181088288
+79002462686
+73439733900
+77084396254
+78463349009
+79959813548
+77075342030
+79114140164
+78432796568
+79272607872
+79534004580
+77021534030
+380992785091
+79380767756
+74862445363
+79815084706
+77777538844
+74212664380
+79283909797
+79137240800
+79882454499
+380443893029
+79652755757
+79270448000
+79186462222
+79145715535
+79130301155
+79889508989
+79186436621
+77778070880
+79147219327
+78005009977
+79285837818
+79266115430
+79255161617
+79196867997
+79871010007
+77771054818
+73952617442
+380961195263
+79160005658
+79841037579
+79030607773
+77787330088
+77776388964
+79528729797
+380674404488
+79214380017
+79059057256
+79638315100
+79094417214
+79872477570
+79859209641
+77077993333
+79270450450
+79254520920
+79249922265
+77761026120
+79235463000
+79025577070
+79001276484
+79829110655
+79788733102
+79129386823
+79223094002
+79604803377
+73919321251
+79371694924
+79097592062
+78452395395
+375297273625
+375297691293
+79832833225
+79123701201
+996773599346
+79029249454
+79137495689
+74957907797
+79172084177
+77002000575
+380994606500
+79881771950
+79285842877
+79652011016
+77474241010
+79821185616
+79014081454
+79064641975
+79053793885
+380986689999
+79996608099
+79851887880
+79283150633
+78005000409
+79086103506
+79248803307
+79067620162
+79273234327
+73519590503
+79139502777
+79164288887
+79209615565
+79160613344
+380932375581
+79647874433
+78007005624
+79958832204
+79996229442
+77024477833
+74212276099
+79002970706
+79254242868
+79823451574
+79068639748
+79202151414
+79152885050
+73412905405
+79892490880
+79780999694
+73412223055
+79318884888
+77078809907
+375447699010
+77785000603
+79879026363
+79219470307
+79285500336
+77087322524
+79869670082
+79388895987
+79032245224
+79136057044
+79245227733
+77775464466
+79180492334
+79998009244
+77072724742
+380506719910
+79628195599
+79829413958
+79266300523
+78005558074
+79119700999
+79197708577
+79539695340
+77088008308
+79285995101
+79882448404
+79061145814
+79287855517
+79679521515
+380676272638
+79604230055
+79296609016
+74983030445
+375296444581
+77760145050
+79515336655
+79057897700
+79288080958
+79780132676
+77075551953
+380715004404
+375291489300
+79189920444
+79620587099
+79002414033
+380985180808
+77071793131
+380637778387
+74992132550
+77082054735
+79218201051
+79050837106
+79095432228
+79677515777
+79614763102
+79147113721
+77051082653
+79821176396
+78002503560
+79224305800
+77077091186
+79295983999
+996500111159
+79062284005
+79530326529
+79170140424
+79162590018
+79085886734
+79600865141
+79277717250
+78512999558
+380969794112
+375255153696
+78007003136
+79780101285
+79955077183
+79047557393
+79637007568
+79811244107
+79198969795
+79895385136
+74951618098
+77011001595
+79285006164
+79279626999
+380954761018
+77714268888
+73832392739
+74872440535
+79782060334
+77001057777
+79025099396
+79216573929
+79189462056
+78003022140
+79264245733
+79294104565
+79512484630
+79874346308
+79835732983
+79177577533
+380633071154
+79126010102
+79510081008
+996504500502
+79282844620
+79380168089
+79115547117
+79886552005
+79685888968
+79634274781
+79270025550
+79094542834
+79172988431
+380931702444
+79132696267
+79049682525
+996500505909
+79090996161
+73412569949
+79632478516
+77773922999
+79152783535
+79186782360
+79046574929
+79782614595
+79227509999
+78126071818
+77715467296
+74951158777
+79025823204
+79951576848
+79512509797
+77778991881
+78432169636
+73022575656
+73902212103
+79782221518
+380501507272
+79325533222
+79623704110
+79882936555
+79021797373
+79251939535
+79782558635
+380989497569
+79270891674
+79999264839
+79526077765
+74957830238
+79081957721
+79677500227
+79270330055
+380985008175
+79140362648
+79183217369
+79226249988
+79273030500
+77072872636
+79383522775
+79287067779
+79130000727
+79899012112
+79024730747
+73832132583
+79883083338
+79162364496
+380951699720
+79526358898
+77713274138
+79067777093
+79120106191
+79247949100
+79882795759
+79237227000
+79377008709
+79814617907
+78005000407
+77056696002
+79297205799
+73833887883
+79384777747
+380679799615
+79227072227
+79141234567
+74959462266
+79192514440
+79859510999
+79288131505
+79235321366
+380501911991
+79293972355
+74954621207
+79253981345
+79173295982
+79099400090
+79213380061
+375293585585
+78612051531
+79143590670
+79380755219
+79634278424
+79218668990
+77476759060
+380976907420
+79003147084
+375255429198
+79027428947
+79149174273
+79214361234
+79101955555
+77077155695
+375256232169
+77026979099
+79260947215
+375291203236
+380731552535
+73422441355
+79381200040
+380507507797
+79644215423
+77787100857
+79510956959
+78126421030
+79383478797
+79069159666
+79773491100
+79258947475
+73952480999
+79832697000
+79052949907
+77769674545
+79240029922
+74212250800
+77777778850
+78202551010
+77711353374
+79624039900
+37433474748
+79118210866
+77073035566
+77716767677
+77004320108
+74951202150
+380988501810
+79886923423
+79679312090
+73833900555
+79385032806
+375445965696
+380634361224
+78005503263
+380735857707
+79232868800
+79113265669
+77000890303
+77072345923
+77075550177
+79308908665
+79532220249
+79699993514
+79295038696
+79234677700
+79537479111
+79155537209
+77472358766
+77085368697
+79200458050
+79524694944
+79651001090
+380976920001
+79184786976
+79624162226
+79284323555
+77017154888
+380673693373
+77474832701
+79143734612
+79058973897
+79780472107
+79376457372
+79280020959
+380977362058
+380730093930
+79950036757
+79101655875
+375295992220
+79676110002
+78003008150
+380930351149
+79870447453
+79111644988
+79014548484
+79500813579
+79266170143
+79163933335
+73952921911
+79276596591
+79059168153
+79137100032
+79181411499
+79047640857
+79372867020
+74993464749
+79283237888
+79184717681
+79276927372
+79234751199
+78332413323
+79787018808
+79854872992
+79682662062
+79994220818
+79640004604
+79373620784
+77473684146
+380661951326
+79885063610
+79965998776
+79086461142
+998946071751
+79890880500
+380636316404
+375445843905
+79228118899
+73822901905
+78007773590
+78127701770
+380965961550
+74959236565
+79266200734
+79277324000
+996709267603
+79277466688
+79673220022
+79653007300
+79018650655
+77077023202
+375447333345
+74952307300
+77789883868
+79002633064
+73812404408
+79500177775
+79258534577
+79657715775
+79300339200
+79898234343
+73414747159
+380730777001
+79188277397
+78612906111
+73517501166
+74954948357
+380968083932
+79280182828
+77755296316
+77072757171
+79609888555
+380954966969
+380503963494
+74951755482
+380506640722
+77014565050
+79896708989
+77766521414
+79887535079
+78007075550
+380973375535
+79658424200
+79857950555
+79289489878
+79284936266
+79270952527
+380972671818
+74965336003
+77029061710
+79189772020
+79284001616
+79635753352
+79407255065
+37368667668
+78005000409
+79308201222
+79139046838
+79377774702
+79656429219
+77474636397
+77719887520
+74959566196
+79283339888
+79536060901
+74212988870
+73462289272
+79780550508
+77077044903
+79374506414
+79952423995
+77477115363
+77760198003
+79035853065
+79041545252
+79409261316
+380950148881
+79995690101
+74922323131
+380674621314
+79037940974
+79622201556
+77025792224
+79285533380
+375298528588
+73452574707
+79528262422
+380676130088
+77006095797
+380936223434
+79878993048
+79055553151
+996997333331
+79147013236
+79899114444
+79383028989
+78004443655
+79617038899
+79286290605
+79872337133
+79375737100
+79604101020
+79197725350
+73532929285
+78432122400
+79248582525
+79534861295
+79883102211
+79859248227
+79872950555
+79888368933
+79142745888
+380714925121
+79785443410
+79224413337
+79201756272
+77024040450
+79867016600
+375292626666
+79253532260
+79044769793
+79243824646
+79244445759
+79883388404
+79256861007
+77012253232
+79385244453
+78652257863
+79871747558
+380935555757
+77773503005
+79167812989
+79227100614
+380939409409
+380957267756
+77053103204
+78452795777
+73912546434
+79100411499
+79332001001
+77053800066
+79835181717
+380675233793
+79882551626
+79384371638
+77775233311
+79297577747
+79654365674
+79199977000
+380735403020
+77471105384
+79513408709
+375447079090
+380985861715
+79315313510
+77755426969
+79834614361
+79046568008
+79260285419
+79064176377
+77776242526
+77764643232
+79788188691
+79147595629
+79996486452
+79371415219
+79130101430
+79237323277
+79852331114
+375296587788
+79118896060
+77710282515
+77077431553
+79992476777
+73833886088
+79275204605
+79040225767
+79374165757
+79211252090
+375291927851
+77086174243
+79283388871
+79186578357
+79288001084
+79027180079
+73912745011
+79133382121
+79057770272
+380974460822
+79313164207
+375333332442
+79205842727
+77000243585
+78612052539
+79835517717
+79882920565
+79378544500
+375333236699
+79877732000
+79263311224
+380931645836
+79963303020
+79851472030
+79507758517
+73433442526
+380979522423
+380952086668
+73472868606
+79882929235
+79990689448
+79283024101
+79284444156
+375298749749
+380967624263
+79388897223
+79624404801
+79375350535
+79967439395
+79178835742
+77059171179
+79108265906
+77055383458
+79625623524
+79069295357
+74812242222
+79651708827
+79163325292
+79508580808
+79618487525
+380661333999
+79010084464
+79053793885
+73532305198
+79125812912
+77083300300
+79201930890
+74957779002
+79265339992
+79638526376
+79049874891
+79850158874
+79628161100
+996557171171
+79298900262
+79046816143
+79219061613
+79629541790
+77007224242
+79142368778
+79197737611
+74959880970
+79898746565
+34643210826
+78442780444
+78422215215
+79841592982
+77760080303
+380507385550
+79046736121
+77783116670
+380967029380
+79962372910
+78136378780
+74952550359
+79375179230
+79082121902
+79106004649
+79286787070
+77751521551
+79117736345
+74812696707
+79785125444
+73452555576
+79381288992
+77086174243
+79217723547
+375256399695
+79780762646
+99365468811
+79505891919
+79280163538
+79883338381
+79192685608
+79894898877
+79920198183
+74952981111
+79640001070
+996221310909
+77019248510
+79062702938
+79955444873
+79019404099
+77089707653
+79187778878
+79298999376
+79090994101
+79283464633
+77079694996
+79681436525
+79144870377
+79016662702
+79283344343
+79149270453
+79530290568
+79229682341
+74012524466
+79189759916
+77054544496
+79650886005
+79004007733
+79039004313
+375297057474
+78332210373
+77474178271
+380680996899
+79894935888
+74959025332
+79634122460
+79101051410
+79297576748
+79068189030
+79955500525
+79646977762
+73452668898
+74242517000
+380977965224
+375293021021
+79154551585
+79179051525
+79872255530
+74732292110
+79776659846
+79250334889
+79285556103
+380676671001
+79818259917
+79275078642
+79228488333
+79371217070
+79292027337
+78443205060
+79782009555
+74952255999
+380800331951
+37493991139
+77074940908
+79080416451
+79389106690
+79380078434
+79280601220
+79370781414
+996709071727
+79649299198
+79225457777
+74952056175
+79991640999
+79124415085
+73467900093
+380681422267
+380669711041
+73422065536
+78552200332
+79228017814
+79180314544
+380685767234
+79280817019
+79021644439
+74998410077
+380950938449
+78652990300
+79188796994
+79782179009
+79894846464
+79282652309
+77768938866
+380503470124
+79189579189
+73472987755
+79289204040
+79285092403
+77756370077
+79120116563
+79052486282
+79870053232
+79370870444
+79279861111
+79005950007
+79925041766
+79117591208
+79276150102
+79132234353
+77051773377
+79116346203
+79629259691
+79859876833
+79003274588
+77026793743
+79295102929
+73429146383
+79832342000
+37360215888
+79385353352
+79667665895
+79103234328
+73912933288
+79639896201
+79267240849
+79781135316
+79234702023
+79273759549
+79285414448
+79297546632
+79330003020
+380974442077
+79284116511
+79115127608
+77767762266
+79092313232
+74954722344
+79831912155
+79338888803
+79654714111
+79282547007
+79620686706
+79882926868
+79265726375
+79032113366
+79298033043
+73822235737
+380938401434
+77086174243
+74012909080
+79184973113
+74952211046
+78722666660
+77057723437
+79626145505
+79788070948
+78003334374
+74722525668
+79539230511
+79324178052
+79118088811
+380993246914
+77777070307
+79257772464
+78432608866
+79642644443
+79522299941
+79251498585
+79378578550
+79038882743
+79880086757
+79870638880
+77753320516
+79280008918
+78006006238
+79023311411
+79135190009
+79145421112
+79521836062
+79011914339
+79774875188
+380676170400
+79518620929
+79170302122
+79189699819
+79851914775
+74872555888
+79899964911
+79260096969
+79384800048
+79030338785
+79658993011
+375291404343
+79295887808
+79250579937
+73854555439
+380666366603
+79516413093
+77774935666
+79612929500
+79139994012
+73466440101
+79000909500
+79620153153
+79287800990
+74752729191
+78482903052
+79381246116
+73452995991
+78552782383
+79217102464
+79527539506
+79107876000
+79374511300
+74952553400
+77789280024
+380972573377
+77764348888
+79501303773
+74752422343
+79775950501
+74959601242
+79304237979
+79277002626
+79370832821
+79950882792
+79995770050
+79633951331
+79690835445
+79956119011
+79142726999
+78003504152
+79120553993
+78005500600
+74957742008
+79155117711
+77780040601
+77762559280
+79833526972
+79285525826
+79882915606
+79614623135
+79825194995
+79832006566
+79582221188
+79897620402
+79187254389
+78462111010
+73952900120
+79219319215
+78432121113
+380506814746
+79179334053
+380683823060
+79227704400
+79604350097
+77071092020
+79248006677
+79289725353
+79328515111
+79961960036
+73852992211
+79011220677
+79886545555
+79679580331
+79308878930
+74950809935
+380990441111
+79230094879
+79841096400
+996700636388
+79173457111
+79295454819
+79780371478
+74952344423
+79009059191
+380487010525
+79029851378
+79179281314
+79223543704
+77782606564
+79142706007
+79038391192
+84822433040
+74950902233
+79293977724
+375336335335
+380800330260
+79374511300
+79025703859
+78112607007
+79294084078
+380509099793
+380509294992
+79303033835
+79288937666
+77750005001
+79104440634
+77007777710
+73472010102
+79177406740
+79872965065
+79131962030
+73912801028
+79184987496
+79152696994
+79285980008
+79146009222
+74993224669
+79660869666
+79877955585
+79053125066
+78003333323
+380931881886
+79142354055
+74951333909
+79280090629
+78432121818
+78552910553
+79647904721
+78006002020
+79253853387
+79034244346
+79501404517
+74742522323
+77084755099
+77768882111
+79116002113
+380966331617
+79609848730
+78452227314
+79832372210
+79086653080
+77003446877
+79142707027
+79155668881
+78312123712
+79016686208
+78332778854
+79244411166
+79044318877
+77712050508
+77025265297
+79293137000
+79176338332
+79184633344
+79289569260
+79119816908
+79284579977
+79260122210
+79885348800
+74955140546
+79142986701
+74162225577
+380673838444
+79533508970
+79043266181
+375293507818
+79276800003
+380982694691
+380443901717
+79537800326
+73912970029
+79165723885
+380673253773
+77075425434
+77478083990
+79818446502
+79800000808
+79283412999
+79516055105
+79224773654
+79000646640
+79653505454
+73902260036
+79180431712
+79681336333
+79680000439
+79173519721
+79505212573
+79097909222
+79115795336
+78672292929
+79372784888
+73512400400
+79234882282
+79050558844
+380995010100
+79182027277
+79060775774
+99363765656
+79609674000
+79379072737
+79639267579
+79279287971
+79896512691
+79045268246
+77473130313
+79107416138
+78002228702
+79196244889
+996706906069
+74852284084
+79144707273
+79281136129
+77714014411
+79188239348
+79182121391
+380487700737
+79514766008
+79224285900
+79130089130
+79258921548
+78215161991
+79872263066
+380963393278
+79057348344
+79182016207
+79376516756
+79220734716
+375256986043
+77754133971
+73517512373
+79104292969
+79257524991
+79047143110
+79298224141
+79771037373
+79534963930
+79283424753
+79212431616
+79613644588
+74997830192
+77073353536
+79780385055
+79996917032
+74212556677
+79374344193
+79267979171
+79883211717
